5
4
4
13
5
5
3
13
8
4
1
13
13
5
1
1
1
13
3
7
8
4
10
12
3
5
12
1
11
4
7
10
4
13
2
5
4
4
2
13
4
8
3
7
13
9
1
8
12
13
1
5
1
12
1
12
13
13
8
13
12
13
8
13
13
1
13
5
3
13
3
7
12
4
13
10
1
4
3
9
13
13
10
10
5
3
5
8
1
12
1
13
8
8
7
13
2
13
11
12
5
8
7
13
13
7
12
1
12
3
9
11
13
13
13
7
13
8
13
13
13
5
2
3
1
4
3
13
3
13
11
13
11
13
13
3
7
8
3
13
2
4
6
5
2
13
12
13
7
6
8
3
6
1
10
13
13
11
3
4
5
7
13
7
1
13
12
1
8
13
12
7
4
3
1
10
8
10
13
4
12
6
8
8
1
3
3
13
8
8
7
8
2
7
4
13
5
7
13
4
2
2
2
2
2
2
2
2
2
2
2
2
2
2
2
2
2
2
2
2
2
3
3
3
3
4
4
5
5
5
5
5
5
6
6
6
6
6
6
6
6
6
6
6
6
6
6
6
6
3
7
7
7
7
7
9
9
9
9
9
9
9
9
9
9
9
9
9
9
9
9
9
10
10
10
10
10
10
10
10
10
10
10
10
10
11
11
11
11
11
11
11
11
11
11
11
11
11
11
12
12
12
12
12
12